80232,5.8941e+06,10238,5.5956e+06,10149,5.5991e+06,7765,5.7529e+06,9920,5.7236e+06
1.1954e+06,2.5691e+07,9.3395e+05,2.2224e+07,9.3456e+05,2.3065e+07,5.6771e+05,2.3144e+07,9.9008e+05,2.309e+07
1.8248e+05,8.0731e+06,1.5448e+05,7.5539e+06,1.5458e+05,7.6615e+06,2.7217e+05,8.2757e+06,68333,7.5214e+06
2.666e+05,1.0881e+07,31111,1.0089e+07,31266,1.0163e+07,31297,9.8457e+06,35990,1.0191e+07
33616,5.1514e+06,26314,5.2272e+06,412,5.1034e+06,462,5.0494e+06,686,5.0484e+06
1.0052e+06,2.3211e+07,1.0538e+05,2.0907e+07,55076,2.0265e+07,55111,2.1041e+07,99094,2.0815e+07
4.8734e+05,1.2431e+07,3.9601e+05,1.1489e+07,3.9626e+05,1.1893e+07,7.4639e+05,1.2985e+07,2.2112e+05,1.1532e+07
76942,6.8938e+06,26859,6.5817e+06,26630,6.6209e+06,18153,6.7225e+06,28544,6.8253e+06
1.9155e+06,4.3129e+07,4.1919e+05,3.6252e+07,4.1959e+05,3.6718e+07,4.1997e+05,3.8177e+07,5.0151e+05,3.7545e+07
1.066e+05,6.5033e+06,36801,6.2101e+06,238,6.1462e+06,262,6.1919e+06,1283,6.073e+06
3.255e+05,1.0105e+07,2.0353e+05,9.0292e+06,2.0369e+05,9.1918e+06,1.1868e+05,9.525e+06,2.1821e+05,9.2216e+06
2.1671e+05,8.4829e+06,1.2200e+05,7.7575e+06,1.2212e+05,7.6149e+06,3.2509e+05,8.3491e+06,68649,7.6498e+06
1.05e+05,6.4615e+06,65714,6.1816e+06,65775,6.1977e+06,1.5419e+05,6.6357e+06,19826,6.0236e+06
1.1768e+05,6.6274e+06,47949,6.1508e+06,47913,6.3271e+06,58597,6.4126e+06,50604,6.5778e+06
5.0766e+05,1.27e+07,1.1124e+05,1.1256e+07,1.1149e+05,1.1546e+07,1.1188e+05,1.1878e+07,1.1575e+05,1.1462e+07
283,5.8381e+06,267,5.6953e+06,274,5.8268e+06,295,5.7738e+06,299,5.7271e+06
5.1877e+05,1.3051e+07,1.9482e+05,1.1344e+07,1.9509e+05,1.1905e+07,1.846e+05,1.1881e+07,2.0131e+05,1.1875e+07
9.2901e+05,2.9704e+07,1.7445e+05,1.9348e+07,1.725e+05,2.22e+07,1.7273e+05,2.458e+07,2.1085e+05,2.3343e+07
1.1679e+06,3.2398e+07,1.1679e+06,2.2802e+07,1.0011e+06,2.4488e+07,3.244e+05,2.7786e+07,4.8826e+05,3.0462e+07
1.652e+05,7.6707e+06,51788,6.8751e+06,12244,6.9164e+06,12710,7.2093e+06,35027,7.0243e+06
3.2945e+05,1.0081e+07,2.0599e+05,9.0715e+06,2.0617e+05,9.4285e+06,1.1928e+05,9.4147e+06,2.2074e+05,9.2805e+06
2.7953e+05,1.2474e+07,96246,8.5344e+06,93141,8.7859e+06,68592,8.8003e+06,89284,8.9011e+06
43860,5.3631e+06,34318,5.414e+06,8277,5.0133e+06,2252,5.4682e+06,2499,4.96e+06
1.6342e+06,4.0532e+07,8.6823e+05,3.1793e+07,11761,2.996e+07,17454,3.4815e+07,3.3312e+05,3.2867e+07
256,5.1928e+06,247,5.2484e+06,264,5.3117e+06,275,5.2657e+06,259,5.3846e+06
1.1189e+06,2.4124e+07,1.1189e+06,1.9797e+07,1.1195e+06,1.9031e+07,3.6891e+05,2.176e+07,4.1399e+05,2.1086e+07
6.2232e+05,3.8204e+07,5.8688e+05,3.7188e+07,4.636e+05,3.7479e+07,2.888e+05,3.8046e+07,3.5213e+05,3.6836e+07
98244,6.3294e+06,70680,6.1636e+06,70741,5.9351e+06,1.4427e+05,6.4892e+06,37812,6.0683e+06
9.9331e+05,2.303e+07,7.5598e+05,2.1036e+07,7.5645e+05,2.1056e+07,1.522e+06,2.4363e+07,6.4834e+05,2.0997e+07
1.7888e+06,3.3351e+07,5.0325e+05,2.7535e+07,2.9112e+05,2.9582e+07,2.9265e+05,2.988e+07,5.1633e+05,2.8494e+07
39660,5.343e+06,31036,5.7935e+06,418,5.3722e+06,469,5.0901e+06,745,5.1663e+06
73124,5.805e+06,16183,5.554e+06,4348,5.6747e+06,3523,5.6415e+06,13439,5.3908e+06
2.6583e+05,8.9563e+06,1.7453e+05,8.381e+06,1.7468e+05,8.6206e+06,4.0709e+05,9.1983e+06,1.2462e+05,8.2379e+06
5.0766e+05,1.2991e+07,4.4423e+05,1.1843e+07,4.4449e+05,1.2467e+07,7.7750e+05,1.3591e+07,4.6894e+05,1.1787e+07
1.9036e+05,7.721e+06,59653,7.456e+06,56555,7.3967e+06,28831,7.3642e+06,55451,7.5082e+06
4.7302e+05,1.2151e+07,15014,1.0378e+07,237,1.0498e+07,262,1.0686e+07,4862,1.0777e+07
3.3358e+05,1.0243e+07,1.3566e+05,8.8629e+06,59882,9.3121e+06,50638,9.2653e+06,1.0069e+05,9.1295e+06
1.1679e+06,3.2398e+07,1.1679e+06,2.2802e+07,1.0011e+06,2.4488e+07,3.244e+05,2.7786e+07,4.8826e+05,3.0462e+07
4.7271e+05,1.2848e+07,1.9218e+05,1.1261e+07,1.9242e+05,1.1653e+07,2.2384e+05,1.1718e+07,2.1243e+05,1.1647e+07
4.116e+05,1.1297e+07,13094,9.6557e+06,237,9.7417e+06,262,9.9259e+06,4262,9.8627e+06
2.3698e+06,4.2763e+07,1.4812e+06,3.6739e+07,1.4824e+06,3.7736e+07,3.8192e+06,4.619e+07,2.2499e+05,3.5688e+07
2.7953e+05,9.1434e+06,96246,8.6168e+06,78789,8.8628e+06,37433,9.0547e+06,83063,8.5666e+06
1.6565e+05,7.5129e+06,1.1913e+05,6.9092e+06,1.1924e+05,7.1422e+06,2.4848e+05,7.575e+06,66809,6.8691e+06
1.9434e+05,7.9919e+06,73098,7.0838e+06,73209,7.3716e+06,72928,7.3114e+06,75507,7.4082e+06
5.4396e+05,1.4125e+07,5.1025e+05,1.3235e+07,5.032e+05,1.3604e+07,2.7635e+05,1.3599e+07,4.3241e+05,1.3264e+07
5.0391e+07,8.7065e+08,1.2598e+07,6.301e+08,1.1464e+07,7.407e+08,5.5108e+06,7.8763e+08,5.9344e+06,6.6273e+08
5.0462e+05,1.3133e+07,1.896e+05,1.1643e+07,1.8986e+05,1.2027e+07,1.7986e+05,1.2412e+07,1.9651e+05,1.1834e+07
39660,5.343e+06,31036,5.7935e+06,418,5.3722e+06,469,5.0901e+06,745,5.1663e+06
1.0937e+06,2.2147e+07,5.1276e+05,1.9348e+07,3.0051e+05,2.0259e+07,2.1468e+05,2.0072e+07,3.2747e+05,1.9183e+07
1.2524e+05,6.7516e+06,11958,6.2954e+06,244,6.3121e+06,272,6.0626e+06,1519,6.173e+06
5.6426e+05,1.3785e+07,3.5275e+05,1.2369e+07,3.5304e+05,1.2777e+07,2.9272e+05,1.2844e+07,3.7704e+05,1.2492e+07
7.6659e+05,5.1905e+07,7.2354e+05,5.1098e+07,4.7975e+05,4.9831e+07,3.2793e+05,5.0187e+07,4.977e+05,5.12e+07
1.2473e+06,2.4506e+07,7.4067e+05,2.1816e+07,7.4131e+05,2.1989e+07,5.3044e+05,2.3574e+07,5.7136e+05,2.1543e+07
1.1828e+06,3.2565e+07,1.1828e+06,2.4708e+07,1.1833e+06,2.3365e+07,2.6007e+05,2.584e+07,3.2275e+05,3.2095e+07
14179,4.7392e+06,14178,4.8121e+06,1526,5.0295e+06,636,4.7549e+06,3662,4.6955e+06
15199,6.3489e+06,11925,7.8088e+06,2878,1.0398e+07,954,1.0644e+07,989,1.0549e+07
8.6991e+05,1.8422e+07,1.9048e+05,1.5299e+07,1.3284e+05,1.5556e+07,1.3326e+05,1.6101e+07,1.6308e+05,1.5884e+07
1.0882e+06,2.3274e+07,3.7420e+05,1.8606e+07,85835,1.9049e+07,82674,1.9434e+07,3.6735e+05,1.9248e+07
6.721e+05,1.5575e+07,4.2015e+05,1.3797e+07,4.205e+05,1.512e+07,3.3996e+05,1.4191e+07,4.4981e+05,1.4077e+07
26535,5.0931e+06,15028,5.0041e+06,15048,5.0698e+06,37262,5.2272e+06,11665,5.0559e+06
93794,7.3426e+06,40236,7.026e+06,39170,6.9305e+06,21276,6.914e+06,34186,6.8714e+06
12406,4.9478e+06,4803,4.6497e+06,4806,4.7039e+06,6270,4.7524e+06,4944,4.7545e+06
4.597e+05,1.2536e+07,86387,1.0487e+07,3931,1.0318e+07,3520,1.05e+07,14613,1.0578e+07
5.763e+05,1.4284e+07,3.6028e+05,1.2809e+07,3.6057e+05,1.3122e+07,2.6651e+05,1.3241e+07,2.6754e+05,1.3069e+07
94656,6.2663e+06,29744,5.8559e+06,28896,6.9856e+06,14776,5.8201e+06,20164,5.9583e+06
4.1496e+05,1.2092e+07,1.2984e+05,1.1454e+07,1.2076e+05,1.1606e+07,85249,1.1484e+07,1.2787e+05,1.2885e+07
79984,5.9184e+06,50079,5.674e+06,49962,5.7325e+06,27867,5.8408e+06,53561,5.7744e+06
6.0991e+06,1.5918e+08,4.9556e+06,9.645e+07,4.9586e+06,1.0045e+08,9.9734e+06,1.6218e+08,4.2893e+05,9.2946e+07
28363,5.1899e+06,16056,4.8498e+06,16074,4.9195e+06,39831,5.2137e+06,11961,5.1072e+06
1.6342e+06,4.0532e+07,8.6823e+05,3.1793e+07,11761,2.996e+07,17454,3.4815e+07,3.3312e+05,3.2867e+07
6.5497e+05,1.5207e+07,61621,1.2824e+07,61310,1.3232e+07,61349,1.3723e+07,68714,1.337e+07
7.0427e+05,1.6054e+07,3.9626e+05,1.4078e+07,3.9661e+05,1.4335e+07,3.1234e+05,1.4711e+07,3.2693e+05,1.435e+07
6.4302e+05,1.7739e+07,3.618e+05,1.3178e+07,3.6212e+05,1.3632e+07,2.8669e+05,1.3921e+07,2.9687e+05,1.372e+07
5.8326e+05,1.8467e+07,4.3751e+05,1.7584e+07,4.3781e+05,1.5555e+07,9.1154e+05,1.7615e+07,2.7656e+05,1.6783e+07
1.7368e+05,7.6645e+06,1.0864e+05,7.0129e+06,1.0767e+05,7.2344e+06,63605,7.3321e+06,1.1633e+05,7.2782e+06
25515,5.0286e+06,18404,4.9164e+06,18421,7.3229e+06,25967,4.9211e+06,12790,5.1659e+06
1.9101e+06,3.7025e+07,1.1446e+06,3.2142e+07,1.1454e+06,3.2533e+07,1.1783e+06,3.4075e+07,1.1114e+06,3.2637e+07
6.6927e+05,1.5325e+07,1.0495e+05,1.3237e+07,1.0385e+05,1.3793e+07,1.0398e+05,1.3679e+07,1.3133e+05,1.3543e+07
1.1803e+06,2.3085e+07,2.2148e+05,1.9297e+07,15010,1.8987e+07,13465,1.9875e+07,62760,1.9648e+07
5383,4.7481e+06,1361,4.4973e+06,1364,4.5849e+06,1457,4.6698e+06,1453,4.496e+06
4.0981e+06,7.6239e+07,3.3298e+06,6.5914e+07,3.3319e+06,6.9904e+07,6.6286e+06,7.8143e+07,2.2174e+05,6.6197e+07
86463,6.2537e+06,41891,6.0434e+06,21857,5.9296e+06,11119,6.007e+06,20793,5.974e+06
2.0424e+05,7.9456e+06,13714,7.2044e+06,8272,7.4292e+06,8307,7.4023e+06,14089,7.1103e+06
24783,5.5375e+06,19413,8.1715e+06,4501,7.6279e+06,1384,4.9017e+06,1491,4.934e+06
22303,5.2105e+06,15406,4.9886e+06,15429,4.9919e+06,31311,4.9694e+06,7130,4.9813e+06
1.1991e+06,2.4041e+07,7.4946e+05,2.1675e+07,7.5008e+05,2.1249e+07,5.6613e+05,2.1528e+07,8.0245e+05,2.1499e+07
5.2259e+05,1.3511e+07,2.7807e+05,1.2286e+07,2.7327e+05,1.1947e+07,1.839e+05,1.2061e+07,1.8465e+05,1.2085e+07
8.171e+05,1.8229e+07,7.6605e+05,1.6159e+07,7.5992e+05,1.6651e+07,6.6683e+05,1.755e+07,6.0650e+05,1.6571e+07
9.9117e+05,2.1983e+07,1.0152e+05,1.922e+07,48251,1.9562e+07,48286,1.9268e+07,79026,1.9189e+07
1.8808e+05,7.7084e+06,58939,7.2909e+06,58998,7.3768e+06,41698,7.3623e+06,58126,7.0923e+06
6.5497e+05,1.5449e+07,1.4346e+05,1.2888e+07,1.438e+05,1.3268e+07,1.0298e+05,1.3528e+07,1.1069e+05,1.3216e+07
5.2203e+05,1.2991e+07,98075,1.1228e+07,5402,1.1083e+07,4748,1.1346e+07,18639,1.1343e+07
2.9057e+05,9.5052e+06,45603,8.0888e+06,45753,8.3556e+06,45858,8.8121e+06,56815,8.5794e+06
621,5.5794e+06,470,5.5897e+06,454,5.6968e+06,476,5.5978e+06,459,5.5505e+06
4.7308e+05,1.2298e+07,1.7779e+05,1.0954e+07,1.7803e+05,1.1056e+07,1.69e+05,1.2095e+07,1.8458e+05,1.1112e+07
2.4439e+05,6.0438e+06,1.6809e+05,4.1119e+06,1.6822e+05,4.056e+06,3.6662e+05,4.0327e+06,2630,4.1371e+06
1.0117e+05,1.1174e+07,35628,1.0529e+07,35132,8.6287e+06,21344,1.0332e+07,36893,8.1403e+06
80612,6.066e+06,27867,5.8003e+06,27152,5.9251e+06,5270,6.1614e+06,8477,5.5977e+06
6.5843e+05,1.5187e+07,3.7047e+05,1.3345e+07,3.7081e+05,1.3707e+07,2.9296e+05,1.3988e+07,3.1803e+05,1.3851e+07
95880,6.2874e+06,71969,6.0057e+06,38816,6.1742e+06,61641,6.2185e+06,44508,6.0836e+06
