15050,4.682e+06,479,4.781e+06,1755,4.9006e+06,5859,5.0751e+06
1.517e+06,8.4264e+06,1.271e+05,7.4416e+06,1.1601e+06,9.4923e+06,1.3609e+06,8.1409e+06
1.2351e+06,1.3904e+07,1.549e+05,1.281e+07,4.8568e+05,2.2219e+07,6.237e+05,1.3061e+07
2.868e+06,1.0909e+07,74014,8.3167e+06,1.378e+06,1.3183e+07,2.6374e+06,1.0856e+07
2.305e+06,1.0994e+07,13490,8.9274e+06,1.9354e+05,1.4174e+07,1.9789e+06,1.1072e+07
8.5624e+06,2.9705e+07,61429,2.2649e+07,1.5454e+06,4.1573e+07,7.3748e+06,2.8475e+07
2.334e+06,2.2309e+07,2.9404e+05,2.0107e+07,9.3884e+05,3.8652e+07,1.2018e+06,2.1335e+07
2.5065e+05,1.0221e+07,2.6322e+05,6.6174e+06,1.2636e+05,7.2431e+06,2.1761e+05,7.2933e+06
6.1859e+06,5.4311e+07,360,4.9733e+07,60728,9.3119e+07,3.1233e+06,5.2168e+07
1.6232e+07,6.905e+07,1.2621e+06,5.5944e+07,8.8647e+06,1.0336e+08,1.3455e+07,6.4737e+07
29530,9.7095e+06,20377,9.6751e+06,23107,9.8254e+06,24305,9.6338e+06
3.2511e+06,1.9334e+07,1.6144e+05,1.6993e+07,3.9556e+05,3.0673e+07,2.3314e+06,1.8521e+07
7.059e+05,1.0532e+07,72879,1.0039e+07,2.8779e+05,1.4052e+07,3.0662e+05,1.0429e+07
57195,4.8882e+06,44051,4.9671e+06,33920,4.9621e+06,43109,5.0423e+06
3.2452e+05,6.2722e+06,3.6514e+05,6.3831e+06,1.0593e+05,7.4159e+06,2.3891e+05,6.0021e+06
1.5345e+07,9.8636e+07,2.4013e+06,6.3017e+07,8.0746e+06,1.3088e+08,1.173e+07,7.0298e+07
2.9277e+05,6.6227e+06,5405,6.3661e+06,54243,9.4402e+06,1.7977e+05,7.6349e+06
8.4575e+05,6.8736e+06,1.4436e+05,6.479e+06,2.3832e+05,8.5197e+06,7.2617e+05,6.7929e+06
14627,4.7073e+06,16221,4.8092e+06,10136,4.8138e+06,9891,4.6691e+06
2.4759e+05,6.5124e+06,22770,5.4475e+06,47000,6.4191e+06,1.9709e+05,5.4437e+06
3.8633e+06,2.3013e+07,3.9456e+05,2.1449e+07,2.4149e+06,3.4442e+07,2.9349e+06,2.3333e+07
2.3823e+06,1.706e+07,25961,1.6136e+07,4.1382e+05,2.5818e+07,1.6386e+06,1.6652e+07
4357,6.2219e+06,2100,6.1436e+06,2169,6.0964e+06,2547,6.1944e+06
7394,4.968e+06,1195,4.7313e+06,2673,4.8713e+06,6263,4.9808e+06
4.3902e+05,7.9942e+06,55378,7.7562e+06,1.0376e+05,1.1059e+07,2.2178e+05,7.718e+06
1.5884e+05,4.9539e+06,1.6609e+05,5.1849e+06,67323,5.3318e+06,1.3792e+05,4.9693e+06
1.5425e+05,7.3488e+06,7713,9.195e+06,1.1563e+05,1.029e+07,1.3103e+05,8.7445e+06
76279,2.8495e+07,40034,3.0454e+07,44335,2.8576e+07,43414,2.8501e+07
6.053e+06,4.2981e+07,9.2324e+05,3.8106e+07,2.4289e+06,6.7828e+07,4.335e+06,4.1132e+07
3.007e+06,1.2502e+07,366,9.9431e+06,8848,1.627e+07,2.5817e+06,1.2244e+07
1.3254e+06,7.7899e+06,1.0845e+05,1.0406e+07,1.0071e+06,9.072e+06,1.1899e+06,8.0097e+06
1.2451e+07,4.661e+07,2.778e+06,5.9675e+07,1.0897e+07,9.1632e+07,1.0743e+07,7.8471e+07
7.5324e+06,2.6742e+07,2.9126e+06,3.8458e+07,6.6632e+06,3.4486e+07,6.6207e+06,2.629e+07
1.5074e+06,1.1873e+07,3.7298e+05,1.1186e+07,1.1885e+06,1.3024e+07,1.1565e+06,1.1659e+07
1.4682e+06,1.1506e+07,1.5773e+06,1.2499e+07,9.1276e+05,1.5896e+07,1.0847e+06,1.143e+07
7.7594e+06,5.4785e+07,2.0863e+05,4.806e+07,1.72e+06,9.2617e+07,5.0284e+06,5.3003e+07
1.0056e+07,2.0609e+07,8.8984e+06,2.1801e+07,9.203e+06,2.6263e+07,9.5867e+06,2.0668e+07
1.7973e+06,9.0195e+06,45799,7.2751e+06,1.1371e+06,1.0836e+07,1.6378e+06,8.9185e+06
3.341e+06,1.301e+07,1.9232e+05,1.0491e+07,2.833e+06,1.4958e+07,2.999e+06,1.2624e+07
2139,4.9921e+06,1007,5.0459e+06,1135,4.982e+06,1311,5.1733e+06
1.2477e+06,2.2121e+07,51357,2.0241e+07,1.0064e+05,3.5699e+07,2.9529e+05,2.1261e+07
6.0744e+05,7.3102e+06,80396,7.0356e+06,3.2067e+05,8.8475e+06,4.669e+05,7.1606e+06
8.2973e+05,2.8798e+07,83214,2.2251e+07,1.6019e+05,3.5795e+07,2.0138e+05,2.7068e+07
6335,1.1648e+07,3206,1.1568e+07,3447,1.1584e+07,3810,1.1696e+07
29537,5.0355e+06,10091,4.9116e+06,6345,5.237e+06,13927,4.8525e+06
2.4023e+05,6.0387e+06,43999,5.9392e+06,1.6808e+05,6.9748e+06,1.6103e+05,5.9127e+06
2.2235e+07,1.3312e+08,3.3853e+06,1.0558e+08,1.2746e+07,2.1368e+08,1.4896e+07,1.1879e+08
3.2868e+06,1.9374e+07,479,1.5939e+07,18889,2.9892e+07,2.357e+06,1.8478e+07
1.5041e+06,1.4216e+07,49563,1.4435e+07,9.967e+05,2.1634e+07,1.1885e+06,1.4901e+07
4.8168e+05,8.4413e+06,60752,7.8023e+06,1.1474e+05,1.1678e+07,2.4332e+05,8.0158e+06
1.2333e+06,1.3598e+07,5130,1.225e+07,55163,2.1096e+07,6.4238e+05,1.3356e+07
4.9775e+06,1.8899e+07,3.8696e+06,1.9801e+07,1.218e+06,2.8472e+07,4.2194e+06,1.79e+07
2.3018e+05,5.3853e+06,2.419e+05,5.2564e+06,1.0899e+05,5.6882e+06,1.9984e+05,5.3066e+06
1.2223e+06,1.4036e+07,852,1.2285e+07,17237,2.1189e+07,6.1814e+05,1.3439e+07
6.9824e+06,3.0083e+07,2.4074e+05,2.4495e+07,4.2241e+06,4.1936e+07,5.7868e+06,2.9384e+07
2.0835e+06,2.0085e+07,2.5936e+05,1.8423e+07,7.9526e+05,3.5455e+07,1.0521e+06,1.9044e+07
83692,5.8267e+06,7748,5.7482e+06,43788,5.9475e+06,72143,5.8621e+06
2026,6.7293e+06,1151,6.6066e+06,1231,6.6969e+06,1298,6.7636e+06
2.5875e+07,9.2417e+07,2.898e+07,1.0523e+08,1.7436e+07,1.5691e+08,2.0995e+07,8.6125e+07
1.2926e+05,5.2003e+06,1.3629e+05,5.1446e+06,61668,5.3607e+06,1.1225e+05,5.0379e+06
2.6768e+07,8.4502e+07,2.9309e+07,1.002e+08,2.3043e+07,1.0614e+08,2.269e+07,9.862e+07
1.68e+05,5.1768e+06,1.798e+05,5.8942e+06,1.0256e+05,5.7011e+06,1.3937e+05,5.1242e+06
1.3141e+07,7.9193e+07,4.9792e+05,6.3812e+07,4.4415e+06,1.1522e+08,9.6516e+06,7.1867e+07
24275,1.1151e+07,10282,1.0789e+07,15347,1.1129e+07,17361,1.0849e+07
2.1135e+06,9.5347e+06,1.712e+05,8.3205e+06,1.754e+06,1.1162e+07,1.914e+06,9.5196e+06
6.3102e+05,7.4999e+06,642,6.8898e+06,5128,9.2136e+06,4.8428e+05,7.4462e+06
6.053e+06,4.2981e+07,9.2324e+05,3.8106e+07,2.4289e+06,6.7828e+07,4.335e+06,4.1132e+07
8.9634e+06,1.5289e+07,9.0999e+06,1.6214e+07,5.4735e+06,1.8365e+07,8.7615e+06,1.5116e+07
1.0663e+06,1.9601e+07,3.3046e+05,1.8941e+07,9.0942e+05,2.0353e+07,9.3552e+05,1.9815e+07
16896,1.1165e+07,7964,1.11e+07,8267,1.1444e+07,9789,1.1175e+07
1.901e+06,1.5155e+07,10157,1.3072e+07,2.0544e+05,2.3154e+07,1.2679e+06,1.4915e+07
95033,5.3633e+06,99055,5.32e+06,41284,5.4894e+06,82536,5.3397e+06
7.4348e+06,2.8743e+07,3.9644e+06,2.8891e+07,6.274e+06,3.78e+07,6.2637e+06,2.7784e+07
9973,4.4979e+06,591,4.7192e+06,3091,4.7736e+06,5361,4.805e+06
38927,4.9099e+06,280,4.7169e+06,606,5.0929e+06,26171,4.8048e+06
3.3279e+06,1.5406e+07,33025,1.3028e+07,5.7219e+05,2.0866e+07,2.8157e+06,1.4808e+07
9.8972e+05,1.4614e+07,1.5729e+05,1.4222e+07,3.5093e+05,1.9815e+07,3.4857e+05,1.4034e+07
9.9337e+06,6.711e+07,84963,4.0201e+07,6.1962e+05,8.2944e+07,7.1233e+06,4.7154e+07
3.3278e+06,4.8992e+07,2.6215e+06,5.0599e+07,2.3174e+06,6.0987e+07,2.4787e+06,4.8353e+07
3.7194e+05,5.7567e+06,3.8603e+05,5.9068e+06,1.4771e+05,6.588e+06,3.2288e+05,5.7776e+06
83239,5.2325e+06,2882,5.2175e+06,29584,5.7434e+06,46847,5.1933e+06
4.1898e+07,1.6665e+08,4.6393e+07,2.012e+08,3.2581e+07,2.5009e+08,3.5488e+07,1.8309e+08
5.633e+05,8.955e+06,69068,8.2653e+06,1.2222e+05,1.2542e+07,2.8453e+05,8.6908e+06
1.6963e+06,1.4351e+07,10129,1.2292e+07,1.9811e+05,2.149e+07,1.1332e+06,1.4053e+07
5.0593e+06,2.3191e+07,1.1836e+06,1.4062e+07,4.4065e+06,2.187e+07,4.563e+06,1.6639e+07
1.4831e+07,1.1208e+08,46977,8.6332e+07,7.7379e+05,1.808e+08,8.3820e+06,9.749e+07
2.8044e+06,3.1613e+07,3.9177e+05,2.7619e+07,1.3449e+06,4.1849e+07,1.2621e+06,2.859e+07
4.0617e+05,1.0848e+07,8706,6.2024e+06,1.2139e+05,9.8936e+06,3.3622e+05,9.5547e+06
1.6002e+06,1.1322e+07,5.102e+05,1.2164e+07,1.1292e+06,1.5644e+07,1.338e+06,1.3757e+07
9.7247e+05,9.9109e+06,7.6441e+05,1.0191e+07,6.5363e+05,1.3075e+07,6.5157e+05,9.556e+06
7.0563e+07,1.467e+08,9.3477e+06,1.3148e+08,2.6892e+07,2.3247e+08,6.4587e+07,1.5062e+08
1.068e+06,7.3582e+06,34194,7.3585e+06,1.452e+05,9.8168e+06,9.1689e+05,7.7784e+06
6.2397e+06,5.2357e+07,2.6315e+06,5.289e+07,4.2651e+06,5.8846e+07,4.1543e+06,4.5666e+07
13559,4.766e+06,361,4.7234e+06,891,4.8142e+06,7700,4.798e+06
73646,5.2279e+06,2828,5.0609e+06,26267,5.6334e+06,37462,5.1814e+06
4.5576e+05,1.5657e+07,37444,1.5009e+07,43989,1.9871e+07,1.2436e+05,1.5536e+07
12221,6.7293e+06,1047,5.5974e+06,6074,5.7193e+06,8967,5.9082e+06
73646,5.2279e+06,2828,5.0609e+06,26267,5.6334e+06,37462,5.1814e+06
6.1129e+06,5.7152e+07,1.5623e+06,4.7758e+07,5.1339e+06,5.521e+07,5.0355e+06,3.8659e+07
1.1251e+08,4.5234e+08,1.1192e+08,5.2799e+08,9.1601e+07,7.8633e+08,9.5371e+07,4.8204e+08
