(88,0.9993044833806016)
(132,0.9989050419929606)
(149,0.9990863238493879)
(151,0.3205353595598736)
(152,0.319092610253672)
(166,0.9989197767879998)
(210,0.9995630764962896)
(212,0.6800034676468548)
(308,0.9991223714814137)
(310,0.3746700953110923)
(325,0.9988057206914347)
(342,0.9991925754183776)
(359,0.9991606369736313)
(361,0.337888871806825)
(403,0.993626331658614)
(447,0.998903113254227)
(491,0.9994064215351579)
(493,0.5998002165741537)
(535,0.9997075542275915)
(537,0.8538994568817495)
(606,0.999363721394533)
(608,0.41725129704929664)
(623,0.9983558725453872)
(640,0.998836463404136)
(657,0.9991111813154753)
(659,0.459101963063336)
(674,0.9994456757377503)
(718,0.998941163684916)
(735,0.9989997910011047)
(806,0.9991970175686792)
(823,0.9983054916971853)
(825,0.4120180379580899)
(826,0.36798014058347384)
(840,0.9991399134481322)
(842,0.4103026728644633)
(857,0.9990418408226429)
(859,0.3056877292953252)
(901,0.9978934314648226)
(918,0.9996757155654626)
(920,0.7433084239776482)
(921,0.7392700842378745)
(962,0.9997644292935229)
(964,0.6818417773598213)
(1060,0.9985555783334659)
(1062,0.4605916585433201)
(1104,0.9796714309091595)
(1106,0.6400439733194961)
(1148,0.9994526206966111)
(1150,0.4325735862694997)
(1246,0.996452360043344)
(1248,0.42869746971307665)
(1249,0.5365009423739607)
(1344,0.9990538965861028)
(1361,0.9993685311652195)
(1402,0.9348903043170559)
(1432,0.9994158240317481)
(1530,0.9966505282095522)
(1574,0.9757969876267825)
(1576,0.4207967870779255)
(1618,0.9991516201451155)
(1635,0.9993070955067085)
(1706,0.962633348720937)
(1708,0.33154357845029175)
(1750,0.998576910189037)
(1752,0.6082334888890705)
(1753,0.5031271198215059)
(1767,0.998411263388621)
(1770,0.48904695501205986)
(1784,0.9997253575120442)
(1786,0.7783965710376781)
(1787,0.7373192943552916)
(1855,0.9991607613286001)
(1857,0.4178944833147085)
(2058,0.9500523261345257)
(2088,0.9989026870349629)
(2090,0.6347614116484241)
(2091,0.40619762362652995)
(2105,0.9996042203815014)
(2107,0.6863678286238596)
(2108,0.6318140255739398)
(2254,0.8697549293002198)
(2257,0.9955710114497556)
(2259,0.8699222466454513)
(2264,0.8709294314490994)
(2301,0.9681749906120917)
(2484,0.3603632729837762)
(2548,0.318828923027427)
(2551,0.9482023646746561)
(2558,0.32011582079948525)
(2747,0.9993511831492687)
(2749,0.41811888304511374)
(3112,0.9742844185984475)
(3129,0.9351063213395909)
(3389,0.9696668632990779)
(3403,0.9304653679653679)
(3487,0.975147845677274)
(3666,0.9518249149262694)
(3885,0.9410448238378413)
(3897,0.9083056195105312)
(3902,0.6609586709334786)
(3904,0.31565941634990724)
(3905,0.9999975618259973)
(3906,0.31564844456689495)
(3913,0.7506365204009425)
(3923,0.9694877160981409)
(4047,0.9999965741927085)
(4083,0.9677586430143726)
(4090,0.9190728991324615)
(4201,1.0)
(4237,0.998973921478114)
(4239,0.3950787965197473)
(4244,0.9465153648831054)
(4249,0.31759233830206207)
(4252,0.5242419815703209)
(4264,0.9967332422570598)
(4266,0.8858807633423826)
(4271,0.9516829546674925)
(4272,0.3122151264869617)
(4274,0.8702912359483213)
(4279,0.5292771923865563)
(4288,0.7459821127530926)
(4291,0.9978725383628583)
(4293,0.9056400991020105)
(4298,0.9554114398190311)
(4299,0.31367206243818363)
(4301,0.8719532497037712)
(4306,0.5465250643869287)
(4318,0.9970239543689225)
(4320,0.8798558455084342)
(4325,0.9985156272813105)
(4326,0.47349786347664424)
(4328,0.8511368834986421)
(4333,0.5533352151610422)
(4342,0.9983598898157431)
(4343,0.932911219911035)
(4353,0.9172070318217747)
(4354,0.9172070318217747)
(4436,1.0)
(4466,1.0)
(4471,0.9173387686993179)
(4477,0.9908396602357471)
(4478,0.999453540841165)
(4480,0.9224913675082562)
(4485,0.999449488707572)
(4486,0.38054454886728395)
(4488,0.905936086275713)
(4493,0.5532262219353569)
(4502,0.6205292665348758)
(4513,0.9212935792576812)
(4514,0.9212935792576812)
(4596,1.0)
(4631,0.9233256100332792)
(4632,0.998094270426565)
(4634,0.9054136368346691)
(4639,0.9549651332367831)
(4640,0.34874092946020335)
(4642,0.8766558237225419)
(4647,0.5535967486332583)
(4750,1.0)
(4786,0.9978111375954246)
(4788,0.7579666297649227)
(4793,0.9948614020979903)
(4796,0.44440758276748654)
(4810,0.9919693631384032)
(4821,0.7529609407811844)
(4822,0.7529609407811844)
(4939,0.753104937901242)
(5031,1.0)
(5067,0.9961143383394729)
(5069,0.3528230376877302)
(5074,0.9292682062907339)
(5075,0.3835293284216492)
(5082,0.3487283933125531)
(5091,0.9986256729951828)
(5092,0.9332955511476339)
(5185,0.9999965001802407)
(5312,1.0)
(5465,0.999996472240057)
(5592,1.0)
(5622,1.0)
(5628,0.9717459413272572)
(5630,0.4762745656508117)
(5635,0.9187126174878952)
(5638,0.42369695243520367)
(5665,0.4464804524645815)
(5757,1.0)
(5816,0.8960362554112554)
(5929,1.0)
(5977,0.9882916600529653)
(5993,0.8233457950709593)
(5999,0.43425646981960725)
(6020,0.3264029438822447)
(6062,0.9999031688009877)
(6090,0.8778498069779299)
(6091,0.9946099497414232)
(6101,0.8767572292228131)
(6111,0.9977420059727584)
(6114,0.9974506519047273)
(6136,0.7642461380398489)
(6149,0.9256962536234543)
(6159,0.35887005886638956)
(6184,0.9310840982386505)
(6188,0.819796576531878)
(6190,0.93118332919871)
(6208,0.9338986784140969)
(6218,0.7355446800797535)
(6224,0.7350009062896502)
(6312,0.9236712598425196)
(6328,0.9236466535433071)
(6333,1.0)
(6334,1.0)
(6344,0.8010409273716584)
(6348,0.8000946297610598)
(6363,0.9107910791079108)
(6369,0.9110911091109111)
(6400,0.9305220137469813)
(6406,0.930568456251161)
(6426,0.9182870476277623)
(6432,0.9182870476277623)
(6446,0.924090453177715)
(6452,0.9239536792194766)
(6470,0.7458908145228469)
(6530,0.905796745169379)
(6536,0.90569841191799)
(6608,0.8380634390651085)
(6609,0.8430717863105175)
(6618,0.319311044441087)
(6628,0.9297320680239003)
(6629,0.9177548868521372)
(6645,0.9177819233784843)
(6650,0.9828588422959418)
(6651,0.9825073674534296)
(6680,0.9207559412766648)
(6696,0.9207559412766648)
(6706,0.9295268569030634)
(6710,0.9998426353336131)
(6728,0.8104018044481746)
(6729,0.8085658833403273)
(6740,0.8973042955564803)
(6772,0.35657759564692204)
(6776,0.35468102640521104)
(6809,0.9452824608104111)
(6827,0.3278166354710538)
(6830,0.6565034643549076)
(6862,0.867496740244016)
(6876,0.43268479299974183)
(6903,0.9976987282296866)
(6906,0.9976591971808715)
(6915,0.9945980337156755)
(6918,0.9982466710659283)
(6921,0.995575235344561)
(6930,0.9975822911298541)
(6933,0.994806096587161)
(6936,0.9854667916536471)
(6947,0.9923565508011694)
(6954,0.9989680922114682)
(6990,1.0)
(7066,0.9972494804710658)
(7098,0.9971619372424926)
(7162,0.31046199507813116)
(7189,0.989443022364248)
(7190,0.9998891390579008)
(7237,0.3802403987100557)
(7238,1.0)
(7259,0.32042496231586715)
(7261,0.5277780483027802)
(7263,0.9982956924844908)
(7271,0.30309945905820507)
(7273,0.30833357680583556)
(7377,0.783937593481387)
(7541,0.31409774436090226)
(7610,0.9894245287613852)
(7651,0.8458496200476324)
(7675,0.9955201350452044)
(7736,0.8672738050331411)
(7737,0.8672738050331411)
(7812,0.9751042848930619)
(7825,0.973866876413332)
(7827,0.9650870120932061)
(7844,0.407104656297532)
(7934,1.0)
(7948,0.9980926018538979)
(7954,0.9403411389487351)
(7955,0.9362808570003911)
(7959,0.5086843799434706)
(7960,0.8826096014042313)
(7961,0.43463779355058957)
(7963,0.7494982104384593)
(7971,0.4587927750904861)
(7973,0.6429217901797895)
(7987,0.6018452933979708)
(7990,0.5023319136410049)
(7991,0.9924799234653985)
(8005,0.32839507308502514)
(8172,0.9983740887898267)
(8187,0.9986762115210329)
(8193,0.9213024872960685)
(8202,0.9923107782829633)
(8213,0.9947618865697998)
(8282,0.9983740887898267)
(8290,0.5237377244321)
(8318,0.911563864017525)
(8319,0.9919449558324638)
(8337,0.7550160188366078)
(8344,0.9406282724381102)
(8345,0.9933351529650185)
(8368,0.9584888077662127)
(8382,0.7600321923531609)
(8738,0.6904268420894536)
(8781,0.9999807113648638)
(8807,0.7306811524737711)
(8828,0.7524834867634056)
(8836,0.6799038649638096)
(9011,0.7991350131628432)
(9096,0.8987626345020957)
(9143,0.9257709989937057)
(9173,0.6772777748400401)
(9174,0.3602287406422566)
(9177,0.3595035391344418)
(9179,0.9971445190629792)
(9182,0.6897875008498455)
(9184,0.691109482765133)
(9299,0.9184373878012387)
(9303,0.9712539094655823)
(9408,1.0)
(9488,0.9718871176217148)
(9654,1.0)
(9816,0.4040098598412107)
(9819,0.9074780016624151)
(9821,0.9878185101321333)
(9824,0.534681418212044)
(9839,0.904387247174372)
(9847,0.9026197368798189)
(9965,1.0)
(9968,0.9892880215140999)
(9979,0.9919923078078755)
(10036,0.6266349056045452)
(10161,0.7625834923664122)
(10169,0.646434649137442)
(10208,0.7332703202715709)
(10243,1.0)
(10485,0.48905132290007186)
(10957,0.9999532928538066)
(11335,0.35953734959300143)
(11451,1.0)
(11612,0.7702779468452019)
(12048,0.8757407915008648)
(12104,0.9315003922857701)
(12107,0.9315003922857701)
(12284,0.7751614427468893)
(12326,0.9998740168817378)
(12570,0.8769347073568615)
(12571,0.8783670870966458)
(12573,0.8769347073568615)
(12580,0.8769347073568615)
(12683,1.0)
(12718,0.6029758834654038)
(12737,0.8120727918331114)
(12784,0.6626177888466523)
(12862,0.7202517760133723)
(12890,1.0)
(13368,1.0)
(13405,0.9382273302881695)
(13406,0.7985318695498488)
(13407,0.838536536818227)
(13410,0.9389377159898555)
(13412,0.9381895803233457)
(13413,0.5635623612259816)
(13424,0.3512771499462921)
(13583,0.6975128423075502)
(13603,0.987508777116671)
(13646,0.7225310941709177)
(13751,0.30423656525447823)
(13820,0.8087616227968728)
(13929,1.0)
(14219,0.7247390822692554)
(14279,0.9983097566049511)
(14491,0.7909924487594391)
(14518,0.7550472014991337)
(14721,1.0)
(14756,0.96578742747772)
(14877,1.0)
(14894,0.9972000885347498)
(14895,0.7055555555555556)
(14911,1.0)
(14958,0.9998617916188415)
(15049,0.4884297067022814)
(15050,0.48866752079106845)
(15097,0.4884297067022814)
(15345,0.8841098076171404)
(15352,0.9191909859438847)
(15358,0.8098371808816675)
(15378,0.9086157769626749)
(15455,0.9365238670772279)
(15501,0.7875687301011767)
(15507,0.9314093367178016)
(15535,0.99887616930148)
(15536,0.6172824130682452)
(15538,0.713395240412689)
(15542,0.8503072387093219)
(15564,0.5709269662921348)
(15637,1.0)
(15661,0.9165762150664957)
(15671,0.9646824726439122)
(15735,0.3285968028419183)
(15740,0.4666666666666667)
(15843,0.9182766371189737)
(15846,0.9996649691771643)
(15848,0.331747520771911)
(15850,0.5755829536317342)
(15858,0.9800468216187199)
(15896,0.9362051605422943)
(15919,0.9158231099973859)
(15920,0.8145512398705596)
(15926,0.8251787018091022)
(15983,0.6462442299622325)
(15987,0.39342007828202685)
(16075,0.9987046428052535)
(16300,0.8306220629312137)
(16423,1.0)
(16645,0.9222096703000741)
(16647,0.9194266348462972)
(16694,0.7924544755472052)
(16708,0.3473563430824439)
(16719,0.9236153684531673)
(16723,0.7299439613860275)
(16739,0.9523587399322077)
(16783,0.6937432333505877)
(16786,0.6766996548266129)
(16925,0.8150889293602511)
(16931,0.3481624758220503)
(16932,0.5353535353535354)
(16937,0.9887136195964898)
(17085,0.43223388305847077)
(17087,0.4335832083958021)
(17089,0.8712143928035982)
(17121,0.46958142687680055)
(17147,0.5679513184584178)
(17149,0.5704407154711414)
(17151,0.9810990226811728)
(17199,0.3829971984206301)
(17230,0.41356980445657116)
(17282,0.9770980690601964)
(17316,0.9769530667462025)
(17360,0.48546000793605804)
(17367,0.9609432571849669)
(17407,0.9971632200321289)
(17436,1.0)
(17451,0.9174172321612174)
(17452,0.46925765988073204)
(17453,0.6567002536157379)
(17470,0.9969533735003075)
(17471,0.9998998461272318)
(17500,0.9845857026807474)
(17551,0.7048289918695545)
(17552,0.7048289918695545)
(17555,0.5279772388565235)
(17556,0.6056767375694351)
(17557,0.49715485706543827)
(17561,0.7085760737027503)
(17567,0.9089492951164421)
(17568,0.9077809798270894)
(17569,0.9004595373471455)
(17584,0.9493033731067817)
(17591,0.45811240721102864)
(17635,0.4756545143136775)
(17639,0.9971632200321289)
(17683,0.9413067041811767)
(17691,0.9181588487311875)
(17726,0.9807253886010363)
(17824,0.7911490683229814)
(17835,0.8105590062111802)
(17890,0.7363449691991787)
(17892,0.7322381930184805)
(17905,0.7293634496919917)
(18008,1.0)
(18031,0.8291721419185283)
(18082,0.4802183748401381)
(18091,0.9945539515823915)
(18095,0.9948751168901728)
(18112,0.9896502696648848)
(18116,0.9971900245872849)
(18124,0.9124792760000499)
(18134,0.9946219204613221)
(18138,0.9940949870748644)
(18139,0.6738123167155425)
(18183,0.9725594158411237)
(18185,0.9110273940746942)
(18205,0.9997253072016049)
(18206,0.9997253072016049)
(18211,1.0)
(18215,0.9951425133513192)
(18218,0.6139917276515)
(18229,0.33304708744811795)
(18317,0.9998535480530494)
(18318,0.9998535480530494)
(18549,0.8846722762433619)
(18550,0.9817405853682194)
(18570,0.9813768520090206)
(18591,0.36117211520361425)
(18592,0.41369140992658593)
(18603,0.9758150816865235)
(18652,0.31327780516297193)
(18660,0.3442532732809788)
(18687,0.9864774341065192)
(18720,0.9923565508011694)
(18727,0.9989680922114682)
(18740,0.9575157703969609)
(18832,0.7514962380300958)
(18833,0.9761456908344733)
(18865,0.7608390422948367)
(18894,0.760835357112586)
(18895,0.729194382308177)
(18896,0.7294081228787169)
(18898,0.31827813544518846)
(18918,0.8717777687695545)
(18935,0.7616866342124949)
(18952,0.9759463722397477)
(18997,1.0)
(19115,0.7357446669436883)
(19136,0.6858565271141702)
(19176,0.8487550025242316)
(19177,0.4231927565189975)
(19178,0.6292977220018221)
(19197,0.9121896210557672)
(19202,0.8190469401575364)
(19256,0.34602803696544027)
(19315,0.9294636371332272)
(19375,0.5102201273411647)
(19403,0.9604119914839749)
(19456,0.7650207493835328)
(19498,0.762323140690547)
